1,1,2,4,6,8,8,10,12,15,17,20,21,21,23,24,24,24,24,26,27,28,32,34,35,38,38,41,41,41,46,46,49,49,50,50,50,51,52,52,52,53,56,59,62,64,64,68,69,69,71,71,73,75,76,77,77,77,78,81,82,83,84,84,86,87,87,93,94,95,96,97,97,98,98,98,100,103,107,111,112,113,116,117,117,118,120,122,122,124,124,127,128,128,129,131,132,133,134,137,138,138,140,143,144,144,145,147,148,149,149,154,155,161,161,162,163,166,167,167,167,168,171,172,175,175,180,182,183,184,186,186,189,189,190,190,194,200
1,1,2,4,6,8,8,10,12,15,17,20,21,21,23,24,24,24,24,26,27,28,32,34,35,38,38,41,41,41,46,46,49,49,50,50,50,51,52,52,52,53,56,59,62,64,64,68,69,69,71,71,73,75,76,77,77,77,78,81,82,83,84,84,86,87,87,93,94,95,96,97,97,98,98,98,100,103,107,111,112,113,116,117,117,118,120,122,122,124,124,127,128,128,129,131,132,133,134,137,138,138,140,143,144,144,145,147,148,149,149,154,155,161,161,162,163,166,167,167,167,168,171,172,175,175,180,182,183,184,186,186,189,189,190,190,194,200
3,2,4,6,8,9,10,11,13,16,18,21,22,23,24,25,26,25,26,27,29,29,33,35,36,40,40,43,43,42,47,47,51,51,51,51,52,53,54,54,54,55,57,60,64,66,66,70,71,70,72,72,75,77,77,79,79,78,79,82,83,84,86,86,87,88,88,94,96,97,97,98,98,100,99,100,101,105,108,113,114,114,117,118,119,119,121,123,124,126,125,129,129,129,131,132,134,135,136,139,140,140,141,145,146,146,147,149,150,150,150,155,156,162,163,163,165,168,168,169,169,170,172,174,176,176,181,183,185,185,188,187,190,190,192,191,196,202
3,2,4,6,8,9,10,11,13,16,18,21,22,23,24,25,26,25,26,27,30,30,33,35,36,40,40,43,43,42,47,47,51,51,51,52,53,54,54,55,55,56,57,60,64,66,66,70,71,70,72,72,75,77,77,79,79,78,79,82,83,84,86,86,87,88,88,94,96,97,97,98,98,100,99,100,101,105,108,113,114,114,117,118,119,119,121,123,124,126,125,129,130,131,131,132,134,135,136,139,140,140,141,145,146,146,147,149,150,150,150,155,156,162,163,163,165,168,168,169,169,170,172,174,176,176,181,183,185,185,188,187,190,190,192,191,196,202
9,3,6,8,10,12,13,17,17,19,23,22,30,23,35,32,26,30,31,32,33,33,42,54,37,40,55,45,43,45,47,52,55,53,57,58,54,60,57,56,57,56,58,64,65,72,70,70,73,70,79,83,76,78,82,85,80,80,82,82,92,86,86,90,89,89,89,99,100,97,98,106,100,103,100,101,102,113,116,121,114,121,118,124,126,130,131,140,131,134,127,139,131,136,137,134,148,138,136,141,145,141,143,147,146,147,147,153,151,152,156,156,160,170,166,163,168,168,168,170,173,175,174,177,177,176,182,186,188,186,188,187,192,193,193,192,200,205
9,3,6,8,10,12,13,17,17,19,23,22,30,23,35,32,26,30,31,32,33,33,42,54,37,40,55,45,43,45,47,52,55,53,57,58,54,60,57,56,59,61,61,64,65,72,70,70,73,70,79,83,76,78,82,85,80,80,82,82,92,86,86,90,89,89,89,99,100,97,98,106,100,103,100,101,102,113,116,121,114,121,118,124,126,130,131,140,131,134,127,139,131,136,137,134,148,138,136,141,145,141,143,147,146,147,147,153,151,152,156,156,160,170,166,163,168,168,168,170,173,175,174,177,177,176,182,186,188,186,188,187,192,193,193,192,200,205
13,24,9,12,12,16,21,19,20,21,26,25,32,33,38,36,30,36,33,35,36,44,46,59,40,44,58,47,47,49,54,55,62,57,61,61,57,62,61,61,62,64,66,68,68,74,72,72,76,73,81,86,80,82,84,89,85,84,86,86,96,88,88,93,93,93,93,106,103,100,100,109,104,107,104,108,104,117,119,124,116,125,120,128,130,134,135,142,134,140,129,145,133,138,139,138,150,142,139,145,149,145,146,150,149,150,151,155,153,156,159,158,163,173,168,167,172,171,172,172,180,177,208,182,181,179,185,190,192,191,192,191,202,196,200,195,204,208
28,39,24,27,27,31,36,34,35,36,41,40,47,48,53,51,45,51,48,50,51,59,61,74,55,59,73,62,62,64,69,70,77,72,76,76,72,77,76,76,77,79,81,83,83,89,87,87,91,88,96,101,95,97,99,104,100,99,101,101,111,103,103,108,108,108,108,121,118,115,115,124,119,122,119,123,119,132,134,139,131,140,135,143,145,149,150,157,149,155,144,160,148,153,154,153,165,157,154,160,164,160,161,165,164,165,166,170,168,171,174,173,178,188,183,182,187,186,187,187,195,192,223,197,196,194,200,205,207,206,207,206,217,211,215,210,219,223
